Unable to init server: Could not connect: Connection refused
Unable to init server: Could not connect: Connection refused

(prediction.py:11808): Gdk-CRITICAL **: 10:25:59.251: gdk_cursor_new_for_display: assertion 'GDK_IS_DISPLAY (display)' failed
Central data read
Staellite data read
satellite data prepared
Total R^2 score 0.956
[0.00078665 0.0011909  0.0012605  0.00138422 0.00164942 0.00168052
 0.00170168 0.00189874 0.00205888 0.00225744 0.00244259 0.00251732
 0.00268931 0.00666562 0.00971593 0.01085535 0.2502034  0.69904153] [ 9 10  6  8  7 11  2 17  3 16 12  5  4  0 15 13 14  1]
Total R^2 score 0.956
[0.00078405 0.0011338  0.00122913 0.00141339 0.00167774 0.00173354
 0.00196921 0.00200031 0.00201807 0.00203064 0.00253617 0.0025472
 0.00371708 0.00662681 0.00841786 0.01076149 0.24600841 0.70339511] [ 9 10  6  8 11  7 17  3  2 16 12  4  5  0 15 13 14  1]
Total R^2 score 0.956
[0.00077888 0.00111442 0.00123714 0.00145356 0.00157327 0.00167029
 0.00179391 0.00201326 0.0020277  0.00242083 0.00255261 0.00260558
 0.00405292 0.00663253 0.00832012 0.01020093 0.25295837 0.69659366] [ 9 10  6  8  7 11 16 17  3  2  4 12  5  0 15 13 14  1]
Total R^2 score 0.955
[0.00083238 0.00113667 0.00123695 0.00142574 0.00149373 0.00162427
 0.00174747 0.00187997 0.00188028 0.00222302 0.00259817 0.00261053
 0.00287603 0.00585214 0.00681087 0.01156447 0.24721185 0.70499546] [ 9 10  6  8  7 11 16 17  2  3  4 12  5 15  0 13 14  1]
Total R^2 score 0.956
[0.00072722 0.00117115 0.00122337 0.00136315 0.00151634 0.00161042
 0.00162511 0.00194767 0.00204481 0.00245379 0.0026809  0.00272296
 0.00353052 0.00687171 0.00861797 0.01108316 0.24908108 0.69972867] [ 9 10  6  8  7  2 11 17  3 16 12  4  5  0 15 13 14  1]
Grid search time =  3e+02 minutes
